100000, , 保密, 0, 406, 0, 0, 0, 406, 0, 0, 0, , -1, 0, 0, 0, 
100001, 派派拉, 保密, 0, 11, 198, 198, 1, 11, 48, 5, 0, , -1, 1, 1, 1706889600000, vip
100002, 正在囧, 保密, 0, 2, 0, 0, 0, 2, 0, 1, 0, , -1, 0, 0, 0, 
100003, 亞莉安罗德, 保密, 0, 14, 1, 1, 0, 14, 1, 6, 0, , -1, 0, 0, 0, 
100004, 两毛钱五个的狗眼, 保密, 0, 1, 0, 0, 0, 1, 0, 1, 0, , -1, 0, 0, 0, 
100005, xiaonagi, 保密, 0, 1, 0, 0, 0, 1, 0, 2, 0, , -1, 0, 0, 0, 
100006, 痛睛l, 男, 0, 3, 29, 29, 0, 3, 0, 4, 0, , -1, 0, 0, 0, 
100007, 烧卖の棒棒糖, 保密, 0, 0, 8, 8, 0, 0, 0, 3, 0, , -1, 0, 0, 0, 
100008, 天天de天天, 保密, 0, 4, 58, 58, 0, 4, 4, 5, 0, , -1, 1, 0, 1699113600000, 
100009, , 保密, 0, 0, 0, 0, 0, 0, 0, 0, 0, , -1, 0, 0, 0, 
100010, , 保密, 0, 1, 0, 0, 0, 1, 0, 0, 0, , -1, 0, 0, 0, 
100011, 奥黛丽, 保密, 0, 0, 0, 0, 0, 0, 0, 1, 0, , -1, 0, 0, 0, 
100012, , 保密, 0, 0, 0, 0, 0, 0, 0, 0, 0, , -1, 0, 0, 0, 
100013, 日本的阿姨喜欢洗铁路, 保密, 0, 4, 216, 216, 0, 4, 2, 5, 0, , -1, 2, 1, 1756137600000, annual_vip
100014, Jh景行, 男, 0, 42, 3, 3, 0, 42, 6, 2, 0, , -1, 0, 0, 0, 
100015, 79000XTX, 保密, 0, 5, 314, 314, 0, 5, 0, 6, 0, , -1, 1, 0, 1602172800000, 
100016, 九剑, 男, 0, 26, 417, 417, 21, 26, 34, 5, 0, , -1, 1, 0, 1664294400000, 
100017, 333222娘, 保密, 0, 0, 0, 0, 0, 0, 0, 4, 0, , -1, 0, 0, 0, 
100018, Bogei, 男, 0, 28, 617, 617, 0, 28, 392, 6, 0, , -1, 1, 0, 1526400000000, 
100019, 万代南梦CO, 男, 0, 23, 161, 161, 8, 23, 106, 5, 0, , -1, 0, 0, 0, 
100020, 傲娇了的饼子, 保密, 0, 0, 29, 29, 0, 0, 0, 2, 0, , -1, 0, 0, 0, 
100021, 谜一样的大叔, 保密, 0, 0, 0, 0, 0, 0, 0, 1, 0, , -1, 0, 0, 0, 
100022, 白夢月, 保密, 0, 40, 84, 84, 4, 40, 2671, 6, 0, , -1, 1, 0, 1687276800000, 
100023, behindxd, 保密, 0, 2, 46, 46, 0, 2, 0, 5, 0, , -1, 0, 0, 0, 
100024, Teris, 男, 0, 2, 34, 34, 0, 2, 0, 5, 0, , -1, 0, 0, 0, 
100025, hgmlz, 保密, 0, 0, 2, 2, 0, 0, 0, 4, 0, , -1, 0, 0, 0, 
100026, 根源, 保密, 0, 0, 0, 0, 0, 0, 0, 1, 0, , -1, 0, 0, 0, 
100027, 基地联盟, 保密, 0, 0, 0, 0, 0, 0, 0, 1, 0, , -1, 0, 0, 0, 
100028, Dio的奇妙大冒险, 男, 0, 0, 65, 65, 0, 0, 0, 5, 0, , -1, 1, 0, 1588780800000, 
100029, xjqw123, 保密, 0, 6, 117, 117, 0, 6, 12, 5, 0, , -1, 2, 1, 1716134400000, annual_vip
100030, , 保密, 0, 0, 0, 0, 0, 0, 0, 0, 0, , -1, 0, 0, 0, 
100031, 牧濑紅莉栖, 保密, 0, 0, 1, 1, 0, 0, 0, 2, 0, , -1, 0, 0, 0, 
100032, 这就是名字, 保密, 0, 0, 44, 44, 0, 0, 0, 2, 0, , -1, 0, 0, 0, 
